Example----------range  data type
--------------------------------------------
1) 0  1   2   3   4   5    6   7    8   9  10

2) 100  101   102  103  104  105

3) 10   15   20    25   30   35   40

4) 10  20   30  40   50    60   70  80  90  100
------------------------------------------------------
5) -1   -2   -3  -4   -5  -6  -7  -8  -9   -10

6) -10  -20   -30  -40  -50
---------------------------------------------------
7) 10   9   8   7   6   5   4   3   2   1

8) 100    90   80   70   60   50 

9) -5  -4  -3  -2  -1  0   1   2   3   4  5
========================================